15 8.10 6.46 3.43 12.83 10.24 4.54
16 8.10 6.46 3.43 12.83 10.24 4.54
17 8.10 6.46 3.43 12.83 10.24 4.54
18 8.36 6.64 3.60 13.26 10.56 4.70
19 8.58 6.84 3.66 13.59 10.82 4.83
20 8.83 7.02 3.76 13.96 11.11 4.96
21 9.11 7.24 3.86 14.33 11.40 5.10
22 8.98 7.16 3.66 14.72 11.69 5.27
23 8.98 7.16 3.50 15.10 12.02 5.38
24 8.93 7.08 3.38 15.52 12.36 5.53
25 8.93 7.16 3.21 15.96 12.69 5.71
26 8.98 7.16 3.16 16.37 13.06 5.82
27 9.17 7.29 3.11 17.08 13.57 6.31
28 9.44 7.50 3.11 17.92 14.28 6.71
29 9.80 7.80 3.16 18.99 15.10 7.07
30 10.23 8.16 3.21 20.19 16.07 7.43
31 10.77 8.57 3.32 21.56 17.17 7.79
32 11.40 9.06 3.50 23.14 18.41 8.18
33 12.11 9.61 3.63 24.84 19.79 8.60
34 12.88 10.26 3.86 26.74 21.31 9.08
35 13.76 10.93 4.10 28.83 22.94 9.64
36 14.72 11.69 4.43 31.04 24.74 10.31
37 15.76 12.56 4.73 33.46 26.63 11.10
38 16.89 13.46 5.17 35.99 28.66 12.03
39 18.17 14.47 5.60 38.71 30.78 13.09
40 19.51 15.51 6.16 41.57 33.09 14.36
41 20.96 16.68 6.77 44.56 35.49 15.90
42 22.52 17.91 7.48 47.74 37.97 17.52
43 24.21 19.27 8.32 51.02 40.59 19.42
44 26.02 20.70 9.24 54.46 43.30 21.60
45 27.94 22.26 10.31 58.02 46.19 23.94
46 30.02 23.93 11.52 61.68 49.09 26.49
47 32.24 25.69 12.87 65.50 52.12 29.34
48 34.64 27.59 14.42 69.40 55.24 32.32
49 37.20 29.60 16.13 73.44 58.44 35.59
50 39.91 31.76 18.06 77.56 61.72 38.93
51 42.80 34.08 20.17 81.76 65.06 42.46
52 45.88 36.51 22.51 85.98 68.42 46.00
53 49.12 39.08 25.04 90.28 71.83 49.59
54 52.50 41.79 27.72 94.56 75.28 53.14
55 56.06 44.61 30.66 98.82 78.63 56.42
56 59.74 47.56 33.66 102.92 81.90 59.54
57 63.48 50.51 36.71 106.86 85.03 62.20
58 67.20 53.47 39.73 110.44 87.90 64.29
59 70.79 56.32 42.60 113.50 90.36 65.62
60 74.02 58.91 45.06 115.89 92.18 66.00
61 61.39 48.84 37.56 93.70 74.58 52.13
62 62.81 49.97 38.30 93.56 74.44 50.29
63 36.68 27.59 25.86 47.77 34.23 30.56
64 23.61 18.89 12.39 31.34 25.07 13.70
65 11.54 9.23 3.96 15.51 12.40 4.32