15 3.36 2.52 1.13 4.16 3.13 1.19
16 3.36 2.52 1.13 4.16 3.13 1.19
17 3.44 2.57 1.16 4.29 3.18 1.23
18 3.62 2.69 1.24 4.54 3.38 1.31
19 3.80 2.86 1.28 4.81 3.60 1.40
20 4.00 2.98 1.34 5.08 3.80 1.48
21 4.21 3.13 1.40 5.44 4.06 1.61
22 4.26 3.18 1.41 5.66 4.21 1.74
23 4.39 3.27 1.43 5.93 4.42 1.86
24 4.48 3.36 1.44 6.16 4.62 2.08
25 4.57 3.44 1.44 6.46 4.82 2.29
26 4.51 3.36 1.36 6.59 4.93 2.38
27 4.50 3.36 1.33 6.77 5.06 2.49
28 4.51 3.36 1.31 6.96 5.20 2.58
29 4.59 3.42 1.28 7.12 5.30 2.62
30 4.71 3.52 1.28 7.38 5.52 2.67
31 4.87 3.64 1.28 7.77 5.81 2.67
32 5.06 3.77 1.36 8.18 6.13 2.76
33 5.29 3.94 1.37 8.54 6.38 2.84
34 5.53 4.14 1.46 9.12 6.82 2.97
35 5.81 4.34 1.56 9.58 7.16 3.13
36 6.12 4.54 1.66 10.08 7.54 3.30
37 6.43 4.81 1.78 10.73 8.01 3.53
38 6.79 5.08 1.96 11.16 8.34 3.80
39 7.13 5.34 2.12 11.73 8.76 4.03
40 7.54 5.63 2.32 12.42 9.27 4.39
41 7.94 5.93 2.56 13.06 9.77 4.82
42 8.40 6.26 2.81 13.70 10.24 5.31
43 8.89 6.61 3.13 14.27 10.66 5.91
44 9.39 7.01 3.46 15.02 11.21 6.46
45 9.96 7.41 3.86 15.89 11.86 7.06
46 10.78 8.06 4.30 17.06 12.76 7.67
47 11.69 8.72 4.82 18.28 13.64 8.40
48 12.68 9.48 5.41 19.50 14.56 9.16
49 13.86 10.32 6.06 20.92 15.63 10.08
50 15.14 11.30 6.84 22.61 16.88 11.02
51 16.58 12.38 7.71 24.86 18.53 12.40
52 18.24 13.60 8.71 27.49 20.52 13.87
53 20.11 15.02 9.90 30.27 22.59 15.50
54 22.17 16.56 11.28 33.39 24.92 17.46
55 24.48 18.27 12.88 37.02 27.63 19.54
56 27.09 20.20 14.71 40.20 29.98 22.27
57 30.03 22.39 16.77 43.79 32.66 25.50
58 33.39 24.92 19.18 48.00 35.82 29.18
59 37.29 27.82 22.01 52.71 39.31 33.27
60 45.41 35.20 27.38 67.20 52.17 39.36
61 53.52 42.57 32.76 81.69 65.02 45.46
62 54.76 43.56 33.39 81.56 64.89 43.84
63 31.98 24.06 22.54 41.64 29.84 26.63
64 20.58 16.47 10.80 27.32 21.86 11.96
65 10.06 8.04 3.44 13.52 10.81 3.77