15 2.24 1.81 0.83 2.97 2.38 0.87
16 2.24 1.81 0.83 2.97 2.38 0.87
17 2.24 1.81 0.83 2.97 2.38 0.87
18 2.32 1.86 0.86 3.07 2.46 0.89
19 2.37 1.90 0.86 3.09 2.47 0.92
20 2.39 1.92 0.86 3.13 2.51 0.92
21 2.44 1.96 0.87 3.16 2.53 0.93
22 2.38 1.90 0.82 3.22 2.57 0.96
23 2.31 1.86 0.78 3.26 2.60 0.96
24 2.28 1.82 0.71 3.28 2.62 0.96
25 2.22 1.78 0.68 3.33 2.67 0.97
26 2.21 1.76 0.64 3.36 2.69 0.98
27 2.22 1.76 0.63 3.46 2.76 1.04
28 2.24 1.79 0.61 3.58 2.86 1.08
29 2.29 1.83 0.61 3.72 2.97 1.13
30 2.37 1.90 0.61 3.90 3.13 1.16
31 2.44 1.96 0.63 4.11 3.29 1.22
32 2.56 2.03 0.64 4.34 3.47 1.26
33 2.67 2.13 0.67 4.60 3.68 1.28
34 2.79 2.22 0.69 4.90 3.92 1.36
35 2.93 2.36 0.74 5.21 4.16 1.41
36 3.11 2.48 0.77 5.54 4.44 1.48
37 3.29 2.63 0.83 5.91 4.73 1.60
38 3.48 2.78 0.89 6.29 5.04 1.71
39 3.70 2.96 0.96 6.69 5.36 1.84
40 3.93 3.16 1.04 7.12 5.69 2.00
41 4.20 3.36 1.13 7.58 6.07 2.20
42 4.47 3.58 1.23 8.06 6.44 2.41
43 4.76 3.82 1.36 8.59 6.86 2.67
44 5.08 4.06 1.51 9.12 7.29 2.93
45 5.46 4.36 1.67 9.67 7.76 3.26
46 5.82 4.63 1.86 10.26 8.22 3.60
47 6.22 4.98 2.07 10.89 8.70 3.97
48 6.67 5.33 2.31 11.53 9.23 4.39
49 7.16 5.73 2.60 12.24 9.80 4.86
50 7.68 6.16 2.90 12.97 10.38 5.36
51 8.27 6.61 3.26 13.78 11.02 5.88
52 8.91 7.11 3.66 14.61 11.69 6.44
53 9.61 7.68 4.12 15.51 12.42 7.04
54 10.38 8.31 4.63 16.48 13.19 7.69
55 11.24 8.99 5.22 17.52 14.03 8.37
56 12.18 9.76 5.86 18.67 14.96 9.08
57 13.23 10.58 6.59 19.90 15.91 9.84
58 14.41 11.52 7.39 21.26 16.99 10.61
59 15.71 12.57 8.28 22.73 18.19 11.43
60 17.16 13.73 9.29 24.36 19.49 12.26
61 18.79 15.04 10.39 26.17 20.93 13.12
62 20.62 16.50 11.63 28.18 22.56 13.99
63 22.70 18.16 12.98 30.42 24.34 14.88
64 20.58 16.47 10.80 27.32 21.86 11.96
65 10.06 8.04 3.44 13.52 10.81 3.77