15 0.76 0.96 0.32 0.40
16 0.76 0.96 0.32 0.40
17 0.76 0.96 0.32 0.40
18 0.92 1.18 0.36 0.47
19 1.04 1.38 0.40 0.54
20 1.04 1.41 0.40 0.54
21 0.99 1.37 0.36 0.52
22 0.92 1.30 0.36 0.53
23 0.88 1.25 0.32 0.49
24 0.83 1.20 0.30 0.47
25 0.77 1.17 0.28 0.45
26 0.73 1.10 0.26 0.42
27 0.67 1.03 0.26 0.42
28 0.63 1.00 0.26 0.42
29 0.62 1.00 0.26 0.45
30 0.61 1.01 0.26 0.45
31 0.61 1.02 0.26 0.49
32 0.59 1.00 0.28 0.52
33 0.59 1.02 0.28 0.57
34 0.61 1.08 0.32 0.65
35 0.62 1.12 0.33 0.71
36 0.63 1.16 0.36 0.79
37 0.64 1.24 0.40 0.90
38 0.67 1.29 0.46 1.05
39 0.72 1.42 0.51 1.21
40 0.77 1.58 0.53 1.34
41 0.83 1.71 0.58 1.50
42 0.88 1.88 0.63 1.69
43 0.96 2.05 0.69 1.89
44 1.02 2.26 0.72 2.04
45 1.13 2.56 0.73 2.23
46 1.20 2.79 0.74 2.35
47 1.31 3.13 0.78 2.54
48 1.40 3.48 0.83 2.80
49 1.54 3.90 0.88 3.12
50 1.66 4.30 0.96 3.53
51 1.78 4.79 1.02 3.94
52 1.94 5.30 1.13 4.46
53 2.09 5.86 1.24 5.02
54 2.24 6.47 1.36 5.56
55 2.40 7.16 1.49 6.17
56 2.60 7.94 1.61 6.80
57 2.81 8.57 1.76 7.28
58 3.06 9.39 1.88 7.86
59 3.27 10.35 2.03 8.49
60 3.59 11.48 2.20 9.12
61 3.91 12.71 2.37 9.80
62 4.26 14.09 2.56 10.65
63 4.59 15.50 2.80 11.62
64 4.94 17.04 3.10 12.89
65 5.32 18.69 3.46 14.35
66 5.72 N/A 3.84 N/A
67 6.14 N/A 4.30 N/A
68 6.58 N/A 4.82 N/A
69 7.01 N/A 5.46 N/A
70 7.44 N/A 6.19 N/A
71 8.19 N/A 6.70 N/A
72 9.00 N/A 7.38 N/A
73 10.01 N/A 8.10 N/A
74 11.11 N/A 9.00 N/A
75 12.43 N/A 9.99 N/A